[gd_scene load_steps=7 format=3 uid="uid://c3ml6nj5mi572"]

[ext_resource type="PackedScene" uid="uid://c0ndntqrkcs8o" path="res://assets/character/soldier.glb" id="1_s6prt"]

[sub_resource type="AnimationNodeAnimation" id="AnimationNodeAnimation_nnbmc"]
filters = []
animation = &"rifle_walk"

[sub_resource type="AnimationNodeAnimation" id="AnimationNodeAnimation_w4ooc"]
filters = []
animation = &"rifle_idle"

[sub_resource type="AnimationNodeAnimation" id="AnimationNodeAnimation_np7il"]
filters = []
animation = &"rifle_run_back"

[sub_resource type="AnimationNodeBlendSpace1D" id="AnimationNodeBlendSpace1D_tm7og"]
blend_point_0/node = SubResource( "AnimationNodeAnimation_nnbmc" )
blend_point_0/pos = 0.5
blend_point_1/node = SubResource( "AnimationNodeAnimation_w4ooc" )
blend_point_1/pos = 0.0
blend_point_2/node = SubResource( "AnimationNodeAnimation_np7il" )
blend_point_2/pos = -1.0
snap = 0.5

[sub_resource type="AnimationNodeBlendTree" id="AnimationNodeBlendTree_1cr7t"]
graph_offset = Vector2(-55, 0)
nodes/output/position = Vector2(500, 100)
nodes/rifle_up_down/node = SubResource( "AnimationNodeBlendSpace1D_tm7og" )
nodes/rifle_up_down/position = Vector2(200, 80)
node_connections = [&"output", 0, &"rifle_up_down"]

[node name="Node3D" type="Node3D"]
script = null

[node name="soldier" parent="." instance=ExtResource( "1_s6prt" )]
transform = Transform3D(1, 0, 0, 0, -4.37114e-08, 1, 0, -1, -4.37114e-08, 0, 0, 0)

[node name="Skeleton3D" parent="soldier/Armature" index="0"]
bones/0/pose = Transform3D(0.84685, -0.0962715, -0.523045, 0.15526, 0.98539, 0.0700067, 0.508664, -0.140493, 0.849425, -11.3405, -1874.75, 234.459)
bones/1/pose = Transform3D(0.991112, 0.023423, 0.130948, 0.0471596, 0.858575, -0.510515, -0.124386, 0.512153, 0.84984, -9.15378e-05, -0.000488281, 0)
bones/2/pose = Transform3D(0.985665, 0.166997, 0.0239888, -0.154169, 0.949306, -0.273951, -0.0685216, 0.266325, 0.961444, -0.000152588, -0.000976563, -6.10351e-05)
bones/3/pose = Transform3D(0.98609, 0.158607, 0.0497069, -0.139336, 0.951854, -0.273057, -0.0906225, 0.262332, 0.960713, -0.00012207, -0.000976563, 0.000427246)
bones/4/pose = Transform3D(0.988859, -0.00674563, 0.148699, -0.0172099, 0.987092, 0.159226, -0.147854, -0.160011, 0.975979, 0.000213623, -0.00146484, -6.10352e-05)
bones/5/pose = Transform3D(0.825684, -0.0121816, 0.564001, -0.189019, 0.936003, 0.296935, -0.531524, -0.351782, 0.77054, -0.00012207, 0, 0)
bones/6/pose = Transform3D(1, -1.30385e-08, -3.44298e-08, 1.30385e-08, 1, 3.1665e-08, 3.44298e-08, -3.1665e-08, 1, -0.000244141, 0, 0.000244141)
bones/7/pose = Transform3D(0.968166, -0.209075, -0.137629, 0.206819, 0.977899, -0.0306542, 0.140997, 0.00121405, 0.990009, 0.000488281, -0.000488281, -0.00109863)
bones/8/pose = Transform3D(0.481511, -0.634844, -0.604252, -0.329866, 0.507474, -0.796027, 0.811995, 0.582617, 0.0349407, 0, -0.000244141, 0.000976563)
bones/9/pose = Transform3D(0.293562, -0.946369, -0.134933, -0.496, -0.0301276, -0.8678, 0.817194, 0.32168, -0.478244, -0.000213623, -0.000244141, -0.0012207)
bones/10/pose = Transform3D(0.912921, 0.0192182, -0.407685, 0.0277917, 0.993645, 0.109074, 0.40719, -0.110906, 0.906585, 0.000335693, -0.000244141, 0.000488281)
bones/11/pose = Transform3D(0.986307, 0.140135, -0.0869491, -0.143798, 0.988901, -0.0373702, 0.0807472, 0.0493616, 0.995512, -0.000473022, 0.000976563, -0.000488281)
bones/12/pose = Transform3D(0.970077, 0.242793, -0.00140656, -0.242763, 0.969828, -0.0223368, -0.00405909, 0.0220098, 0.99975, -0.000488281, -0.000244141, -0.000976563)
bones/13/pose = Transform3D(0.912776, -0.373612, -0.165086, 0.406159, 0.873037, 0.269892, 0.0432914, -0.313402, 0.948633, 0.000167847, 0.000976563, 0)
bones/14/pose = Transform3D(1, -2.04891e-08, 2.6077e-08, 2.04891e-08, 1, -1.49012e-08, -2.6077e-08, 1.49012e-08, 1, -0.000732422, -0.000244141, -0.000976563)
bones/15/pose = Transform3D(0.985833, 0.0325865, 0.164533, 0.0281132, 0.934966, -0.35362, -0.165356, 0.353236, 0.920805, 0.000915527, -0.000488281, 0.000976563)
bones/16/pose = Transform3D(0.999075, 0.0416505, -0.010632, -0.0416785, 0.878044, -0.476762, -0.010522, 0.476764, 0.878968, 0.000488281, 0.000976563, -0.000488281)
bones/17/pose = Transform3D(0.999072, 0.040938, -0.0133885, -0.0423544, 0.877271, -0.478122, -0.007828, 0.478246, 0.878191, -0.000549316, 0, -0.000246048)
bones/18/pose = Transform3D(1, -2.42144e-08, -9.31322e-09, 2.42144e-08, 1, -1.49012e-08, 9.31323e-09, 1.49012e-08, 1, -0.000488281, 0.000488281, 0)
bones/19/pose = Transform3D(0.984335, 0.0287042, 0.173955, 0.0350392, 0.935127, -0.352575, -0.172791, 0.353148, 0.919473, -0.000968933, -0.000976563, -0.000976563)
bones/20/pose = Transform3D(0.997455, 0.0657044, -0.0276807, -0.0656712, 0.695516, -0.715503, -0.0277594, 0.7155, 0.698061, -0.000427246, 0.000518799, 1.90735e-06)
bones/21/pose = Transform3D(0.997663, 0.0643698, -0.0228993, -0.0623128, 0.719841, -0.691336, -0.0280173, 0.691148, 0.72217, 0.000366211, 0, 0.00097847)
bones/22/pose = Transform3D(1, -4.65661e-09, 1.02445e-08, 4.65661e-09, 1, 5.58794e-09, -1.02445e-08, -5.58794e-09, 1, -0.000793457, 0, 3.63798e-12)
bones/23/pose = Transform3D(0.999774, 0.0019465, 0.021176, 0.00467411, 0.951335, -0.308124, -0.0207452, 0.308153, 0.951111, -0.000236511, -0.00012207, -0.000488281)
bones/24/pose = Transform3D(0.994707, 0.0850423, -0.0576633, -0.084469, 0.357303, -0.930161, -0.0584998, 0.930109, 0.362596, 0.000244141, -0.000961304, 9.53674e-07)
bones/25/pose = Transform3D(0.982818, 0.184106, -0.0131897, -0.160944, 0.819802, -0.549565, -0.090365, 0.542245, 0.835347, -0.000366211, 0.000961304, -0.000488281)
bones/26/pose = Transform3D(1, -5.04078e-08, 2.25856e-15, 5.04078e-08, 1, -5.16884e-08, 3.46945e-16, 5.16884e-08, 1, -0.000488281, -0.0012207, 2.91038e-11)
bones/27/pose = Transform3D(0.990169, 0.00715851, -0.139693, -0.0233543, 0.993132, -0.114647, 0.137913, 0.116782, 0.983535, 0.000488281, -0.000976563, 0.000976563)
bones/28/pose = Transform3D(0.998605, 0.0476508, -0.0227305, -0.0474369, 0.620862, -0.782483, -0.0231734, 0.78247, 0.622256, -0.000305176, 0.000488281, 0.000490189)
bones/29/pose = Transform3D(0.999448, 0.0308676, -0.0122631, -0.0326822, 0.848123, -0.52879, -0.00592186, 0.528899, 0.848664, -0.000366211, 0, 0)
bones/30/pose = Transform3D(1, -1.58325e-08, 7.45058e-09, 1.58325e-08, 1, -4.47035e-08, -7.45058e-09, 4.47035e-08, 1, 0.000488281, 0.000488281, -0.000976563)
bones/31/pose = Transform3D(0.981322, 0.147335, 0.123691, -0.145029, 0.989046, -0.0275003, -0.126387, 0.00904798, 0.99194, -0.00109863, 0.000244141, 0.00012207)
bones/32/pose = Transform3D(0.51221, 0.837587, -0.189971, -0.808183, 0.395192, -0.43665, -0.290657, 0.377188, 0.879345, 0.00012207, 0, -0.000976563)
bones/33/pose = Transform3D(-0.0651983, 0.991073, -0.116291, -0.588665, -0.1323, -0.797477, -0.805744, 0.0164623, 0.592036, 9.15527e-05, -0.000976563, 0)
bones/34/pose = Transform3D(0.95901, 0.254137, -0.125353, -0.238483, 0.962759, 0.12736, 0.153051, -0.0922452, 0.983904, -0.000274658, -0.000244141, 7.62939e-06)
bones/35/pose = Transform3D(0.963138, -0.174974, -0.204328, 0.169258, 0.984532, -0.0452666, 0.209088, 0.00901383, 0.977855, 3.05176e-05, 0.000244141, -0.000488281)
bones/36/pose = Transform3D(0.925594, -0.377365, 0.0295117, 0.377564, 0.925982, -0.00128173, -0.0268437, 0.0123289, 0.999564, 0.000244141, 0.000427246, 0.000490189)
bones/37/pose = Transform3D(0.893949, -0.44714, -0.0303536, 0.438914, 0.859784, 0.261009, -0.0906098, -0.246651, 0.964859, -0.00146484, -0.000488281, -0.000976563)
bones/38/pose = Transform3D(1, 3.72532e-09, 9.31323e-10, -3.72532e-09, 1, 3.0268e-09, -9.31323e-10, -3.0268e-09, 1, -0.000244141, -0.000732422, -0.000732422)
bones/39/pose = Transform3D(0.994725, -0.102541, 0.00258877, 0.102364, 0.990767, -0.0888935, 0.00655034, 0.0886896, 0.996038, -0.000549316, 0.000488281, -0.000734329)
bones/40/pose = Transform3D(0.999836, -0.0180177, 0.00182548, 0.018019, 0.979656, -0.199875, 0.00181295, 0.199875, 0.97982, -0.00012207, 0.00050354, 0)
bones/41/pose = Transform3D(0.998649, -0.0488054, 0.0178308, 0.0505356, 0.832468, -0.551763, 0.0120854, 0.551919, 0.83381, 0, -0.00144958, 0.000732422)
bones/42/pose = Transform3D(1, -5.02914e-08, 1.49012e-08, 5.02914e-08, 1, -7.45058e-09, -1.49012e-08, 7.45058e-09, 1, -6.10352e-05, 0.000335693, 0)
bones/43/pose = Transform3D(0.975721, -0.210148, -0.0616917, 0.209455, 0.977661, -0.0175532, 0.0640023, 0.00420536, 0.997941, -0.00244141, -0.000610352, 0.000492096)
bones/44/pose = Transform3D(0.990031, -0.0868821, 0.110856, 0.0887309, -0.226508, -0.969959, 0.109382, 0.970126, -0.216541, -0.000976563, -0.000518799, 0.00122452)
bones/45/pose = Transform3D(0.994479, -0.0847584, 0.061863, 0.0860125, 0.320736, -0.943255, 0.0601071, 0.943369, 0.326256, -0.00134277, 0, 0.000122041)
bones/46/pose = Transform3D(1, 3.0268e-08, -1.86265e-08, -3.0268e-08, 1, -4.00469e-08, 1.86265e-08, 4.00469e-08, 1, -0.000610352, 0, -0.00146484)
bones/47/pose = Transform3D(0.953357, -0.179971, 0.242322, 0.22072, 0.963268, -0.152958, -0.205893, 0.199309, 0.958063, -0.000244141, 0.00109863, 0)
bones/48/pose = Transform3D(0.987195, -0.0863888, 0.1341, 0.0875491, -0.409309, -0.908185, 0.133346, 0.908296, -0.396505, 0.000183105, -0.000488281, 6.10352e-05)
bones/49/pose = Transform3D(0.992687, -0.0955519, 0.0737686, 0.0912, 0.193286, -0.976895, 0.0790857, 0.976479, 0.200587, 0.00115967, 0.000244141, 0.000120163)
bones/50/pose = Transform3D(1, 9.63337e-09, -3.72529e-09, -9.63337e-09, 1, 6.98492e-09, 3.72529e-09, -6.98492e-09, 1, -0.000671387, 0.00170898, -0.000244141)
bones/51/pose = Transform3D(0.936844, -0.157122, 0.312467, 0.182787, 0.981645, -0.0544215, -0.298181, 0.108099, 0.948368, 0.000640869, 0.000244141, 0.000246048)
bones/52/pose = Transform3D(0.990702, -0.0921022, 0.100136, 0.0936652, -0.0720946, -0.99299, 0.0986758, 0.993136, -0.0627974, -0.00158691, -0.00109863, -0.000121593)
bones/53/pose = Transform3D(0.993236, -0.0933849, 0.0690083, 0.0879017, 0.216389, -0.972342, 0.0758694, 0.971831, 0.223134, -0.00109863, -0.00128174, 0.00012207)
bones/54/pose = Transform3D(1, 5.23869e-08, 1.67638e-08, -5.23869e-08, 1, -5.58793e-09, -1.67638e-08, 5.58793e-09, 1, -0.000976563, 0.000244141, 0.00012207)
bones/55/pose = Transform3D(0.993509, 0.0923449, -0.0664052, -0.098246, 0.402543, -0.910023, -0.0573048, 0.91087, 0.408901, 0.000427246, 0.000976563, -7.62939e-06)
bones/56/pose = Transform3D(0.995308, 0.0253787, 0.0933757, -0.0834252, -0.263838, 0.960953, 0.0490239, -0.964233, -0.260483, 0, 0, -0.000396729)
bones/57/pose = Transform3D(0.998301, 0.000120919, -0.0582596, -0.00851846, 0.989554, -0.143913, 0.0576336, 0.144165, 0.987874, 0.000243187, 0, 0)
bones/58/pose = Transform3D(0.99089, 0.0432307, 0.127545, -0.0381985, 0.998402, -0.0416409, -0.129142, 0.0363895, 0.990958, -0.00012207, -0.000244141, -6.10352e-05)
bones/59/pose = Transform3D(1, -6.41449e-08, 1.86264e-09, 6.41449e-08, 1, 4.09782e-08, -1.86265e-09, -4.09782e-08, 1, 0.000366211, -0.000488281, 3.63798e-12)
bones/60/pose = Transform3D(0.982026, 0.187761, -0.0192493, -0.127837, 0.586643, -0.799687, -0.138857, 0.787799, 0.600083, 0, 0.000488281, 3.8147e-05)
bones/61/pose = Transform3D(0.998779, -0.016103, 0.0467088, -0.0486577, -0.156611, 0.986461, -0.00856988, -0.987529, -0.157203, -9.15527e-05, 0, -0.000488281)
bones/62/pose = Transform3D(0.999544, 0.0155095, 0.0258852, 0.00749788, 0.703259, -0.710894, -0.0292296, 0.710764, 0.702822, 0, 0, 0)
bones/63/pose = Transform3D(0.999987, -0.00505353, -5.36958e-05, 0.00505354, 0.999987, 7.49507e-05, 5.33164e-05, -7.52211e-05, 1, -9.15527e-05, -0.000488281, 0)
bones/64/pose = Transform3D(1, -2.50839e-09, 2.32808e-09, 2.50839e-09, 1, -1.86267e-09, -2.32808e-09, 1.86267e-09, 1, -3.05176e-05, -0.000366211, 0.000125885)

[node name="AnimationPlayer" parent="soldier" index="2"]
blend_times = []

[node name="AnimationTree" type="AnimationTree" parent="."]
tree_root = SubResource( "AnimationNodeBlendTree_1cr7t" )
anim_player = NodePath("../soldier/AnimationPlayer")
parameters/rifle_up_down/blend_position = -1.0
script = null

[editable path="soldier"]
