[gd_scene load_steps=40 format=3 uid="uid://c3ml6nj5mi572"]

[ext_resource type="PackedScene" uid="uid://cc17oa5h1qan8" path="res://assets/character/soldier.glb" id="1_s6prt"]

[sub_resource type="AnimationNodeTimeScale" id="AnimationNodeTimeScale_didde"]

[sub_resource type="AnimationNodeAnimation" id="AnimationNodeAnimation_ofcuq"]
filters = []
animation = &"rifle_crouch_idle"

[sub_resource type="AnimationNodeAnimation" id="AnimationNodeAnimation_3a0j4"]
filters = []
animation = &"rifle_idle"

[sub_resource type="AnimationNodeAnimation" id="AnimationNodeAnimation_yq58i"]
filters = []
animation = &"rifle_jump_down"

[sub_resource type="AnimationNodeAnimation" id="AnimationNodeAnimation_f1n2s"]
filters = []
animation = &"rifle_jump_start"

[sub_resource type="AnimationNodeAnimation" id="AnimationNodeAnimation_k5hlb"]
filters = []
animation = &"run_foward"

[sub_resource type="AnimationNodeAnimation" id="AnimationNodeAnimation_lvyya"]
filters = []
animation = &"run_backward"

[sub_resource type="AnimationNodeAnimation" id="AnimationNodeAnimation_w1nid"]
filters = []
animation = &"rifle_walk"

[sub_resource type="AnimationNodeAnimation" id="AnimationNodeAnimation_qqqae"]
filters = []
animation = &"walk_backward"

[sub_resource type="AnimationNodeAnimation" id="AnimationNodeAnimation_ubtiv"]
filters = []
animation = &"rifle_crouch_forward"

[sub_resource type="AnimationNodeStateMachineTransition" id="AnimationNodeStateMachineTransition_gqdd6"]

[sub_resource type="AnimationNodeStateMachineTransition" id="AnimationNodeStateMachineTransition_bewa5"]
switch_mode = 2
auto_advance = true
xfade_time = 0.3

[sub_resource type="AnimationNodeStateMachineTransition" id="AnimationNodeStateMachineTransition_e4pdk"]
switch_mode = 2
xfade_time = 0.1

[sub_resource type="AnimationNodeStateMachineTransition" id="AnimationNodeStateMachineTransition_qs6hk"]
xfade_time = 0.1

[sub_resource type="AnimationNodeStateMachineTransition" id="AnimationNodeStateMachineTransition_gb4de"]
xfade_time = 0.1

[sub_resource type="AnimationNodeStateMachineTransition" id="AnimationNodeStateMachineTransition_fx2gh"]
xfade_time = 0.2

[sub_resource type="AnimationNodeStateMachineTransition" id="AnimationNodeStateMachineTransition_dd2kw"]
xfade_time = 0.5

[sub_resource type="AnimationNodeStateMachineTransition" id="AnimationNodeStateMachineTransition_0twau"]
xfade_time = 0.5

[sub_resource type="AnimationNodeStateMachineTransition" id="AnimationNodeStateMachineTransition_d6dlp"]
xfade_time = 0.1

[sub_resource type="AnimationNodeStateMachineTransition" id="AnimationNodeStateMachineTransition_okxqs"]
xfade_time = 0.1

[sub_resource type="AnimationNodeStateMachineTransition" id="AnimationNodeStateMachineTransition_b27bk"]
xfade_time = 0.1

[sub_resource type="AnimationNodeStateMachineTransition" id="AnimationNodeStateMachineTransition_f781h"]
xfade_time = 0.1

[sub_resource type="AnimationNodeStateMachineTransition" id="AnimationNodeStateMachineTransition_qwcmp"]
xfade_time = 0.1

[sub_resource type="AnimationNodeStateMachineTransition" id="AnimationNodeStateMachineTransition_xgu2d"]
xfade_time = 0.2

[sub_resource type="AnimationNodeStateMachineTransition" id="AnimationNodeStateMachineTransition_tsx8q"]
xfade_time = 0.2

[sub_resource type="AnimationNodeStateMachineTransition" id="AnimationNodeStateMachineTransition_pdhtn"]
xfade_time = 0.2

[sub_resource type="AnimationNodeStateMachineTransition" id="AnimationNodeStateMachineTransition_ouy0t"]
xfade_time = 0.2

[sub_resource type="AnimationNodeStateMachineTransition" id="AnimationNodeStateMachineTransition_f0lhm"]
xfade_time = 0.2

[sub_resource type="AnimationNodeStateMachineTransition" id="AnimationNodeStateMachineTransition_2na3i"]
xfade_time = 0.2

[sub_resource type="AnimationNodeStateMachineTransition" id="AnimationNodeStateMachineTransition_yha0g"]
xfade_time = 0.2

[sub_resource type="AnimationNodeStateMachineTransition" id="AnimationNodeStateMachineTransition_hnrcp"]
xfade_time = 0.2

[sub_resource type="AnimationNodeStateMachineTransition" id="AnimationNodeStateMachineTransition_pwwdp"]
xfade_time = 0.1

[sub_resource type="AnimationNodeStateMachineTransition" id="AnimationNodeStateMachineTransition_3j2go"]
xfade_time = 0.2

[sub_resource type="AnimationNodeStateMachineTransition" id="AnimationNodeStateMachineTransition_sfoyj"]
xfade_time = 0.2

[sub_resource type="AnimationNodeStateMachineTransition" id="AnimationNodeStateMachineTransition_5op6a"]
xfade_time = 0.2

[sub_resource type="AnimationNodeStateMachine" id="AnimationNodeStateMachine_q1cen"]
states/crouch_idle/node = SubResource( "AnimationNodeAnimation_ofcuq" )
states/crouch_idle/position = Vector2(586, -61.4604)
states/idle/node = SubResource( "AnimationNodeAnimation_3a0j4" )
states/idle/position = Vector2(586, 64)
states/rifle_jump_down/node = SubResource( "AnimationNodeAnimation_yq58i" )
states/rifle_jump_down/position = Vector2(868, 49)
states/rifle_jump_start/node = SubResource( "AnimationNodeAnimation_f1n2s" )
states/rifle_jump_start/position = Vector2(918, 177)
states/run/node = SubResource( "AnimationNodeAnimation_k5hlb" )
states/run/position = Vector2(568, 350)
states/run_back/node = SubResource( "AnimationNodeAnimation_lvyya" )
states/run_back/position = Vector2(809, 258)
states/shift/node = SubResource( "AnimationNodeAnimation_w1nid" )
states/shift/position = Vector2(87, 250)
states/shift_back/node = SubResource( "AnimationNodeAnimation_qqqae" )
states/shift_back/position = Vector2(87, 64)
states/shift_crouch/node = SubResource( "AnimationNodeAnimation_ubtiv" )
states/shift_crouch/position = Vector2(245, -136.777)
transitions = [&"idle", &"rifle_jump_start", SubResource( "AnimationNodeStateMachineTransition_gqdd6" ), &"rifle_jump_down", &"idle", SubResource( "AnimationNodeStateMachineTransition_bewa5" ), &"rifle_jump_start", &"rifle_jump_down", SubResource( "AnimationNodeStateMachineTransition_e4pdk" ), &"idle", &"shift", SubResource( "AnimationNodeStateMachineTransition_qs6hk" ), &"shift", &"idle", SubResource( "AnimationNodeStateMachineTransition_gb4de" ), &"idle", &"run", SubResource( "AnimationNodeStateMachineTransition_fx2gh" ), &"run", &"idle", SubResource( "AnimationNodeStateMachineTransition_dd2kw" ), &"run", &"shift", SubResource( "AnimationNodeStateMachineTransition_0twau" ), &"shift", &"run", SubResource( "AnimationNodeStateMachineTransition_d6dlp" ), &"idle", &"shift_back", SubResource( "AnimationNodeStateMachineTransition_okxqs" ), &"shift_back", &"idle", SubResource( "AnimationNodeStateMachineTransition_b27bk" ), &"shift", &"shift_back", SubResource( "AnimationNodeStateMachineTransition_f781h" ), &"shift_back", &"shift", SubResource( "AnimationNodeStateMachineTransition_qwcmp" ), &"run", &"run_back", SubResource( "AnimationNodeStateMachineTransition_xgu2d" ), &"run_back", &"run", SubResource( "AnimationNodeStateMachineTransition_tsx8q" ), &"run_back", &"idle", SubResource( "AnimationNodeStateMachineTransition_pdhtn" ), &"idle", &"run_back", SubResource( "AnimationNodeStateMachineTransition_ouy0t" ), &"shift", &"run_back", SubResource( "AnimationNodeStateMachineTransition_f0lhm" ), &"run_back", &"shift", SubResource( "AnimationNodeStateMachineTransition_2na3i" ), &"crouch_idle", &"idle", SubResource( "AnimationNodeStateMachineTransition_yha0g" ), &"idle", &"crouch_idle", SubResource( "AnimationNodeStateMachineTransition_hnrcp" ), &"shift_crouch", &"crouch_idle", SubResource( "AnimationNodeStateMachineTransition_pwwdp" ), &"crouch_idle", &"shift_crouch", SubResource( "AnimationNodeStateMachineTransition_3j2go" ), &"shift_crouch", &"idle", SubResource( "AnimationNodeStateMachineTransition_sfoyj" ), &"idle", &"shift_crouch", SubResource( "AnimationNodeStateMachineTransition_5op6a" )]
start_node = "idle"
graph_offset = Vector2(0, -222.695)

[sub_resource type="AnimationNodeBlendTree" id="AnimationNodeBlendTree_1cr7t"]
graph_offset = Vector2(-141.654, -120.224)
nodes/output/position = Vector2(680, 100)
nodes/scale/node = SubResource( "AnimationNodeTimeScale_didde" )
nodes/scale/position = Vector2(420, -80)
nodes/state/node = SubResource( "AnimationNodeStateMachine_q1cen" )
nodes/state/position = Vector2(100, -40)
node_connections = [&"output", 0, &"scale", &"scale", 0, &"state"]

[sub_resource type="AnimationNodeStateMachinePlayback" id="AnimationNodeStateMachinePlayback_n61xt"]

[node name="Node3D" type="Node3D"]
script = null

[node name="soldier" parent="." instance=ExtResource( "1_s6prt" )]
transform = Transform3D(-1, 8.74228e-08, 3.82137e-15, 0, -4.37114e-08, 1, 8.74228e-08, 1, 4.37114e-08, 0, 0, 0)

[node name="Skeleton3D" parent="soldier/Armature" index="0"]
bones/0/pose = Transform3D(0.751272, 0.114831, -0.649926, 0.0599295, 0.96881, 0.240447, 0.657266, -0.219591, 0.720959, 58.6578, -5856.33, -103.422)
bones/1/pose = Transform3D(0.994146, 0.0825407, 0.069724, -0.0648806, 0.972047, -0.225643, -0.0863998, 0.219798, 0.971712, -7.63535e-05, -0.000976563, 0.00012207)
bones/2/pose = Transform3D(0.994037, -0.00814669, 0.108735, 0.0416751, 0.949881, -0.309821, -0.100761, 0.312505, 0.944557, 4.57764e-05, -0.000488281, -3.05176e-05)
bones/3/pose = Transform3D(0.991966, 0.00438416, 0.126426, 0.0420844, 0.931037, -0.36249, -0.119296, 0.364898, 0.923373, 1.90362e-06, 0, 0)
bones/4/pose = Transform3D(0.997531, -0.0617306, 0.0334934, 0.0610913, 0.997936, 0.0197865, -0.0346456, -0.0176915, 0.999243, -0.000122074, 0.000488281, -0.000549316)
bones/5/pose = Transform3D(0.946737, -0.080841, 0.311693, -3.63737e-05, 0.967946, 0.251158, -0.322006, -0.237792, 0.916388, 0, 0.000976563, 0)
bones/6/pose = Transform3D(1, 1.49012e-08, -2.23655e-16, -1.49012e-08, 1, -2.98023e-08, -2.20434e-16, 2.98023e-08, 1, -0.000244144, 0, 0.000366211)
bones/7/pose = Transform3D(0.991987, -0.125199, -0.0169724, 0.124988, 0.992073, -0.012997, 0.0184651, 0.0107716, 0.999771, 0.00012207, -9.15527e-05, -0.000488281)
bones/8/pose = Transform3D(0.475956, -0.874862, -0.0898991, 0.226686, 0.220802, -0.948609, 0.849753, 0.431117, 0.303411, 0, 0, 0.00198364)
bones/9/pose = Transform3D(0.046276, -0.976075, -0.212453, -0.463123, 0.167478, -0.870327, 0.885085, 0.138667, -0.444292, 9.15527e-05, 0.000244141, 0)
bones/10/pose = Transform3D(0.899321, 0.0809906, -0.429724, 0.0327849, 0.967446, 0.250947, 0.436059, -0.239771, 0.867389, -6.10352e-05, 0, -0.000976563)
bones/11/pose = Transform3D(0.986307, 0.140135, -0.0869492, -0.143798, 0.988901, -0.0373709, 0.0807472, 0.0493622, 0.995511, 1.52588e-05, 3.05176e-05, -0.000991821)
bones/12/pose = Transform3D(0.970077, 0.242793, -0.00140642, -0.242764, 0.969828, -0.0223361, -0.00405908, 0.0220092, 0.99975, 0, -0.000457764, -0.000976563)
bones/13/pose = Transform3D(0.912776, -0.373612, -0.165086, 0.406159, 0.873037, 0.269892, 0.0432911, -0.313402, 0.948633, -0.000183105, -0.00088501, -0.00244141)
bones/14/pose = Transform3D(1, 2.23517e-08, -1.86265e-08, -2.23517e-08, 1, 7.45059e-09, 1.86265e-08, -7.45059e-09, 1, 0.000244141, -0.000183105, 0.000488281)
bones/15/pose = Transform3D(0.985833, 0.0325864, 0.164533, 0.0281131, 0.934966, -0.35362, -0.165356, 0.353236, 0.920805, 0.000518799, -0.000976563, -0.000980377)
bones/16/pose = Transform3D(0.999076, 0.0416501, -0.0106323, -0.0416783, 0.878045, -0.47676, -0.0105215, 0.476762, 0.878969, -0.000183105, -0.000488281, 0)
bones/17/pose = Transform3D(0.999072, 0.0409379, -0.0133886, -0.0423543, 0.877271, -0.478123, -0.00782791, 0.478247, 0.878191, -0.000183105, 0.000976563, -0.00012207)
bones/18/pose = Transform3D(1, -8.3819e-09, -5.58794e-09, 8.3819e-09, 1, -1.49012e-08, 5.58794e-09, 1.49012e-08, 1, -0.000244141, -0.00195313, 0)
bones/19/pose = Transform3D(0.984335, 0.0287039, 0.173956, 0.0350395, 0.935127, -0.352575, -0.172791, 0.353147, 0.919473, 0, -0.000488281, -0.000976563)
bones/20/pose = Transform3D(0.997455, 0.0657052, -0.0276813, -0.0656722, 0.695516, -0.715503, -0.0277594, 0.7155, 0.698061, 0.000244141, 0.000488281, -0.000976563)
bones/21/pose = Transform3D(0.997663, 0.0643689, -0.0228989, -0.0623119, 0.719841, -0.691336, -0.028017, 0.691147, 0.72217, 0.000122069, 0.00195313, 0)
bones/22/pose = Transform3D(1, 1.43773e-08, 1.76951e-08, -1.43773e-08, 1, -1.62981e-08, -1.76951e-08, 1.62981e-08, 1, -0.000488281, 0, -0.000488281)
bones/23/pose = Transform3D(0.999774, 0.00194615, 0.0211759, 0.00467442, 0.951335, -0.308124, -0.020745, 0.308153, 0.95111, 0.0001297, 0.000488281, -7.62939e-06)
bones/24/pose = Transform3D(0.994707, 0.0850423, -0.0576636, -0.0844693, 0.357303, -0.930161, -0.0584997, 0.930109, 0.362595, 0.000244141, 0, 0)
bones/25/pose = Transform3D(0.982818, 0.184106, -0.0131895, -0.160944, 0.819803, -0.549564, -0.090365, 0.542244, 0.835348, 0, 0.000976563, 0)
bones/26/pose = Transform3D(1, -1.39698e-09, -1.39698e-08, 1.39698e-09, 1, -1.86265e-09, 1.39698e-08, 1.86265e-09, 1, 0.00012207, -0.000244141, 0)
bones/27/pose = Transform3D(0.990169, 0.00715847, -0.139693, -0.0233543, 0.993132, -0.114647, 0.137913, 0.116783, 0.983535, -0.000488281, -0.00012207, 0.000976563)
bones/28/pose = Transform3D(0.998605, 0.0476502, -0.0227304, -0.0474365, 0.620862, -0.782484, -0.0231731, 0.782471, 0.622256, 0.000305176, -0.000961304, 0.000488281)
bones/29/pose = Transform3D(0.999448, 0.0308678, -0.012263, -0.0326823, 0.848124, -0.528789, -0.00592205, 0.528898, 0.848665, 0.000732422, 0.00146484, 0.000244141)
bones/30/pose = Transform3D(1, 2.79397e-09, -7.45058e-09, -2.79397e-09, 1, -1.49012e-08, 7.45058e-09, 1.49012e-08, 1, 0.00012207, -0.000488281, 0.00146484)
bones/31/pose = Transform3D(0.987897, -0.0650656, 0.140805, 0.0604697, 0.997496, 0.036681, -0.142839, -0.0277226, 0.989358, -0.000610352, 0.000152588, 0.00134277)
bones/32/pose = Transform3D(0.72802, 0.53384, -0.430117, -0.676903, 0.460389, -0.574321, -0.108575, 0.709265, 0.69653, 0, 0, 0.000488281)
bones/33/pose = Transform3D(-0.462893, 0.846152, -0.264116, -0.640134, -0.525205, -0.560703, -0.613155, -0.0904759, 0.784764, 6.10352e-05, 0, 0)
bones/34/pose = Transform3D(0.998613, 0.025173, 0.0462493, -0.0393612, 0.940288, 0.338096, -0.0349768, -0.339447, 0.939974, 6.10352e-05, -0.000488281, 0.001091)
bones/35/pose = Transform3D(0.963137, -0.174974, -0.20433, 0.169258, 0.984532, -0.0452648, 0.20909, 0.00901181, 0.977855, -0.000244141, -9.15527e-05, 0.000976563)
bones/36/pose = Transform3D(0.925593, -0.377367, 0.0295111, 0.377566, 0.925982, -0.00128165, -0.0268431, 0.0123287, 0.999564, 0, 0.000457764, -0.000976563)
bones/37/pose = Transform3D(0.893949, -0.44714, -0.030355, 0.438914, 0.859784, 0.26101, -0.0906091, -0.246652, 0.964859, 0.000976563, -0.000457764, 0.000247955)
bones/38/pose = Transform3D(1, -5.72763e-08, 5.70436e-09, 5.72763e-08, 1, 1.08994e-08, -5.70436e-09, -1.08994e-08, 1, -0.00268555, 0.000732422, 0.00012207)
bones/39/pose = Transform3D(0.994726, -0.10254, 0.00258892, 0.102363, 0.990767, -0.0888951, 0.00655028, 0.0886912, 0.996038, 0.000732422, 0.000488281, 0.000183105)
bones/40/pose = Transform3D(0.999836, -0.0180201, 0.0018251, 0.0180212, 0.979656, -0.199875, 0.00181379, 0.199875, 0.97982, 0.000976563, 0.0012207, 0.00097847)
bones/41/pose = Transform3D(0.998649, -0.0488051, 0.0178308, 0.0505353, 0.832469, -0.551762, 0.0120852, 0.551917, 0.833811, 0, 0.000488281, 0)
bones/42/pose = Transform3D(1, 1.39698e-09, -1.86265e-08, -1.39698e-09, 1, 2.04891e-08, 1.86265e-08, -2.04891e-08, 1, -0.000854492, -0.000854492, -0.000488281)
bones/43/pose = Transform3D(0.975721, -0.210147, -0.061691, 0.209455, 0.977661, -0.0175534, 0.0640017, 0.00420573, 0.997941, 0, -0.000488281, 0.000976563)
bones/44/pose = Transform3D(0.990032, -0.0868824, 0.110855, 0.0887297, -0.226507, -0.96996, 0.109382, 0.970127, -0.21654, 0.000915527, -0.000244141, 1.90735e-06)
bones/45/pose = Transform3D(0.994479, -0.084758, 0.0618631, 0.0860125, 0.320736, -0.943255, 0.0601066, 0.943369, 0.326256, -6.10352e-05, 0.000732422, 2.98023e-08)
bones/46/pose = Transform3D(1, -1.72295e-08, -5.58794e-09, 1.72295e-08, 1, 2.51457e-08, 5.58794e-09, -2.51457e-08, 1, 0, 0.000488281, -0.0012207)
bones/47/pose = Transform3D(0.953357, -0.179972, 0.242322, 0.220721, 0.963269, -0.152958, -0.205893, 0.199309, 0.958063, -0.00037384, 0.000488281, -6.86646e-05)
bones/48/pose = Transform3D(0.987195, -0.0863877, 0.134099, 0.087549, -0.409308, -0.908186, 0.133344, 0.908297, -0.396504, 0, 0.00146484, 0)
bones/49/pose = Transform3D(0.992687, -0.0955516, 0.0737688, 0.0912001, 0.193286, -0.976895, 0.0790853, 0.976479, 0.200587, -0.000976563, 7.62939e-05, 0.000123978)
bones/50/pose = Transform3D(1, 9.31322e-10, -7.45058e-09, -9.31322e-10, 1, -4.84288e-08, 7.45058e-09, 4.84288e-08, 1, -0.00012207, -0.000976563, 0.00146484)
bones/51/pose = Transform3D(0.936844, -0.157123, 0.312466, 0.182788, 0.981645, -0.0544219, -0.29818, 0.1081, 0.948368, 0, 0.000244141, 0.00103569)
bones/52/pose = Transform3D(0.990702, -0.0921022, 0.100136, 0.0936651, -0.0720946, -0.99299, 0.0986758, 0.993137, -0.0627974, 0, 0.000137329, 0.000976563)
bones/53/pose = Transform3D(0.993236, -0.0933849, 0.0690091, 0.0879026, 0.216391, -0.972342, 0.0758691, 0.97183, 0.223136, 0, -0.000640869, 5.72205e-05)
bones/54/pose = Transform3D(1, 1.39698e-09, 1.86265e-08, -1.39698e-09, 1, 1.86265e-09, -1.86265e-08, -1.86265e-09, 1, 0.000976563, 0.000488281, -0.00012207)
bones/55/pose = Transform3D(0.765952, -0.601581, 0.226874, 0.368779, 0.122076, -0.921347, 0.526517, 0.789649, 0.315276, 0, 0.000244141, 1.14441e-05)
bones/56/pose = Transform3D(0.994532, 0.0704649, -0.0770806, 0.10266, -0.524141, 0.845421, 0.0191714, -0.848711, -0.528509, -0.00012207, -0.000976563, -0.000244141)
bones/57/pose = Transform3D(0.964023, 0.154649, -0.216201, -0.226997, 0.902162, -0.366846, 0.138315, 0.402725, 0.90481, -0.000123024, -0.000244141, -0.000244141)
bones/58/pose = Transform3D(0.999994, -0.0016872, 0.00290033, 0.00170005, 0.999989, -0.00443481, -0.00289282, 0.00443971, 0.999986, -0.00012207, 0.000366211, 0)
bones/59/pose = Transform3D(1, -4.87484e-10, 1.3988e-09, 4.87484e-10, 1, -2.8421e-14, -1.3988e-09, 2.84217e-14, 1, -6.10351e-05, 0, -3.8147e-06)
bones/60/pose = Transform3D(0.742366, 0.410768, -0.529302, -0.368994, 0.910072, 0.188729, 0.559224, 0.0552037, 0.827175, -6.10352e-05, -0.000244141, 7.62939e-05)
bones/61/pose = Transform3D(0.999734, 0.0164455, 0.0161485, -0.00648337, -0.471689, 0.881741, 0.0221177, -0.881612, -0.471457, -0.00012207, 0, 0)
bones/62/pose = Transform3D(0.999496, -0.0181117, -0.0260607, -0.00521169, 0.716344, -0.697728, 0.0313055, 0.697512, 0.715889, 0.000367165, -0.000488281, 0.000244141)
bones/63/pose = Transform3D(0.799743, 0.287897, 0.526807, 0.160763, 0.742762, -0.649969, -0.578416, 0.604499, 0.547736, -0.000244141, 0, 6.10352e-05)
bones/64/pose = Transform3D(1, 2.20389e-08, -4.65684e-09, -2.20389e-08, 1, -3.72528e-09, 4.65684e-09, 3.72528e-09, 1, 0.000244141, -0.00012207, 3.8147e-06)

[node name="AnimationPlayer" parent="soldier" index="2"]
blend_times = []

[node name="AnimationTree" type="AnimationTree" parent="."]
tree_root = SubResource( "AnimationNodeBlendTree_1cr7t" )
anim_player = NodePath("../soldier/AnimationPlayer")
active = true
parameters/scale/scale = 1.0
parameters/state/playback = SubResource( "AnimationNodeStateMachinePlayback_n61xt" )
script = null

[editable path="soldier"]
