[gd_scene load_steps=8 format=3 uid="uid://bhd3q77ehj4sw"]

[ext_resource type="Script" path="res://Game/Logic/Player/CharacterInstance.cs" id="1_nwdc5"]
[ext_resource type="PackedScene" uid="uid://c3ml6nj5mi572" path="res://assets/character/soldier.tscn" id="2_ppok4"]

[sub_resource type="CapsuleShape3D" id="CapsuleShape3D_msvy1"]
radius = 0.7

[sub_resource type="CapsuleMesh" id="CapsuleMesh_clyx8"]
radius = 0.7

[sub_resource type="AnimationNodeStateMachinePlayback" id="AnimationNodeStateMachinePlayback_v80ph"]

[sub_resource type="StandardMaterial3D" id="StandardMaterial3D_dmkpv"]
albedo_color = Color(1, 0, 0.4, 1)

[sub_resource type="BoxMesh" id="BoxMesh_tuety"]
size = Vector3(0.16, 0.16, 0.7)

[node name="Node3D" type="CharacterBody3D"]
script = ExtResource( "1_nwdc5" )
animationTreeNodePath = NodePath("tps_character/Node3D/AnimationTree")
cameraNodePath = NodePath("head/fps_camera")
cameraThirdPersonPath = NodePath("tps_camera")
tpsCharacterPath = NodePath("tps_character")

[node name="collider" type="CollisionShape3D" parent="."]
transform = Transform3D(1, 0, 0, 0, 1, 0, 0, 0, 1, 0, 1.4, 0)
shape = SubResource( "CapsuleShape3D_msvy1" )
script = null

[node name="MeshInstance3D3" type="MeshInstance3D" parent="."]
transform = Transform3D(0.1, 0, 0, 0, 0.3, 0, 0, 0, 0.2, 0.606504, 0.317034, -0.338476)
mesh = SubResource( "CapsuleMesh_clyx8" )
surface_material_override/0 = null
script = null

[node name="tps_character" type="Node3D" parent="."]
script = null

[node name="MeshInstance3D" type="MeshInstance3D" parent="tps_character"]
transform = Transform3D(1, 0, 0, 0, 1, 0, 0, 0, 1, 0, 1.4, 0)
visible = false
mesh = SubResource( "CapsuleMesh_clyx8" )
skeleton = NodePath("../..")
surface_material_override/0 = null
script = null

[node name="Node3D" parent="tps_character" instance=ExtResource( "2_ppok4" )]
transform = Transform3D(0.015, 0, 0, 0, 0.015, 0, 0, 0, 0.015, 0, 0, 0)

[node name="Skeleton3D" parent="tps_character/Node3D/soldier/Armature" index="0"]
bones/0/pose = Transform3D(0.993397, -0.0367522, -0.108682, 0.0492891, 0.99214, 0.115017, 0.103601, -0.119614, 0.9874, 537.091, -254.824, 166.479)
bones/1/pose = Transform3D(0.998181, 0.0367003, 0.0478333, -0.0325492, 0.995862, -0.0848456, -0.0507493, 0.0831343, 0.995245, -7.57544e-08, -0.000447367, 0)
bones/2/pose = Transform3D(0.999842, 0.0107107, 0.0141735, -0.0103399, 0.999609, -0.0259822, -0.0144462, 0.0258315, 0.999562, 3.30747e-05, -8.18284e-05, -5.59209e-05)
bones/3/pose = Transform3D(0.999844, 0.0104949, 0.0141964, -0.010125, 0.999614, -0.0258842, -0.0144626, 0.0257365, 0.999564, 1.90908e-05, -0.000447367, 0.000132299)
bones/4/pose = Transform3D(0.995121, -0.0293878, 0.094185, 0.0327873, 0.998858, -0.0347518, -0.0930562, 0.0376703, 0.994948, 8.01259e-05, 0.000611024, -7.31395e-05)
bones/5/pose = Transform3D(0.98575, -0.0313814, -0.165265, 0.0254445, 0.998957, -0.0379196, 0.166282, 0.0331742, 0.98552, 5.11428e-06, -0.000365539, 5.59209e-05)
bones/6/pose = Transform3D(1, 1.00936e-09, 1.9179e-09, -1.00936e-09, 1, 2.33087e-09, -1.9179e-09, -2.33087e-09, 1, -5.59246e-05, -0.00195313, 0)
bones/7/pose = Transform3D(0.970616, -0.186463, 0.152105, 0.229601, 0.906831, -0.353471, -0.0720244, 0.378009, 0.922996, 0.000157052, -0.000146279, -0.00138369)
bones/8/pose = Transform3D(0.986737, -0.0703912, 0.146273, 0.145314, 0.78465, -0.602668, -0.0723504, 0.61593, 0.784472, -0.000189839, -0.000167763, 0.000976563)
bones/9/pose = Transform3D(0.297311, -0.949351, 0.101675, 0.949352, 0.282599, -0.137366, 0.101676, 0.137366, 0.985288, -6.7344e-05, 0.000152756, 0.000520927)
bones/10/pose = Transform3D(-0.537861, -0.0136211, -0.842924, -0.0750295, 0.996675, 0.03177, 0.839688, 0.080332, -0.537095, 0.000397755, -0.000111842, -0.000973067)
bones/11/pose = Transform3D(0.946002, -0.321306, -0.0429111, 0.323203, 0.924753, 0.200926, -0.0248766, -0.203945, 0.978666, -0.000257608, 1.39802e-05, -0.000991821)
bones/12/pose = Transform3D(0.999917, 0.0127586, -0.00196619, -0.0128125, 0.999456, -0.0304048, 0.00157719, 0.0304274, 0.999536, -4.56923e-05, -0.000213623, -0.000976563)
bones/13/pose = Transform3D(0.999343, 0.00330825, 0.0361016, -0.0125001, 0.966203, 0.257481, -0.0340296, -0.257763, 0.965609, 0.000254369, 0.000549316, -0.002034)
bones/14/pose = Transform3D(1, 5.37461e-09, -2.69303e-08, -5.37461e-09, 1, -2.23517e-08, 2.69303e-08, 2.23517e-08, 1, 0, -0.000447703, 8.18284e-05)
bones/15/pose = Transform3D(0.996157, -0.0337674, -0.0808113, -0.057971, 0.437423, -0.897385, 0.0656511, 0.898621, 0.433785, 0.000162816, -0.000386668, 0.00044562)
bones/16/pose = Transform3D(0.995584, 0.0790478, -0.0506373, -0.0791816, 0.41735, -0.90529, -0.0504277, 0.905301, 0.421766, -7.12637e-05, -0.000935648, 0.000265471)
bones/17/pose = Transform3D(0.998656, 0.0483539, -0.0186607, -0.0504053, 0.822252, -0.566888, -0.0120675, 0.567066, 0.823584, 4.0578e-05, 0.00124116, -8.73764e-07)
bones/18/pose = Transform3D(1, 4.63582e-09, 1.67638e-08, -4.63582e-09, 1, 1.69864e-15, -1.67638e-08, -1.77636e-15, 1, -0.000132299, -0.000554431, 0.000447367)
bones/19/pose = Transform3D(0.99236, 0.0725147, -0.0998159, -0.119024, 0.349711, -0.929266, -0.0324787, 0.934047, 0.35567, 0.000612951, 0.000366211, -0.000991821)
bones/20/pose = Transform3D(0.995279, 0.082345, -0.0513764, -0.0822836, 0.435135, -0.896597, -0.0514746, 0.896592, 0.439857, -0.000355982, -5.48944e-05, -0.00108928)
bones/21/pose = Transform3D(0.998872, 0.0463281, -0.0104412, -0.0453347, 0.864721, -0.500203, -0.0141447, 0.500112, 0.865845, 0.00012207, -1.39802e-05, 0.000752005)
bones/22/pose = Transform3D(1, 5.12671e-09, -8.07488e-09, -5.12671e-09, 1, 1.35042e-08, 8.07488e-09, -1.35042e-08, 1, -0.000732422, -0.00146484, 8.18284e-05)
bones/23/pose = Transform3D(0.988837, 0.0979471, -0.112288, -0.131043, 0.212966, -0.968232, -0.0709221, 0.972137, 0.223424, -4.41571e-05, 0.00018822, 7.83334e-05)
bones/24/pose = Transform3D(0.997095, 0.0693311, -0.0315371, -0.0690163, 0.64725, -0.759147, -0.0322201, 0.759118, 0.650155, -0.000478053, 7.35598e-05, 2.04571e-05)
bones/25/pose = Transform3D(0.997824, 0.0619175, -0.0226693, -0.0609744, 0.735629, -0.674635, -0.0250955, 0.674549, 0.737803, 0, 0.000529195, 0)
bones/26/pose = Transform3D(1, 3.07804e-08, -4.49541e-09, -3.07804e-08, 1, -1.86265e-09, 4.49541e-09, 1.86265e-09, 1, 8.11561e-05, -0.000111842, 0.000447367)
bones/27/pose = Transform3D(0.991575, 0.0962293, -0.0867078, -0.101775, 0.164717, -0.981076, -0.080126, 0.981635, 0.173123, -0.000444978, -0.000162985, 0.00150576)
bones/28/pose = Transform3D(0.998912, 0.043136, -0.0176982, -0.0429693, 0.704337, -0.708564, -0.0180991, 0.708554, 0.705424, 0.000132331, -0.00152442, 0.00099702)
bones/29/pose = Transform3D(0.999603, 0.0266203, -0.00926985, -0.0279272, 0.89062, -0.45389, -0.00382679, 0.453969, 0.89101, 0.000355981, 0.000481291, 0.000447367)
bones/30/pose = Transform3D(1, -1.4559e-08, 1.10306e-09, 1.4559e-08, 1, -6.82628e-09, -1.10306e-09, 6.82628e-09, 1, 0.000111842, -0.000132299, 0.00105839)
bones/31/pose = Transform3D(0.956048, 0.245393, -0.160485, -0.276315, 0.937137, -0.213127, 0.0980967, 0.248104, 0.963754, -8.47551e-05, 0.000521188, 0.000854492)
bones/32/pose = Transform3D(0.929064, 0.0834329, -0.360388, -0.304038, 0.727174, -0.61545, 0.210716, 0.681364, 0.700958, -7.9747e-05, 0.000274826, 0.000447367)
bones/33/pose = Transform3D(-0.0988765, 0.982146, -0.160041, -0.982146, -0.122185, -0.14304, -0.160041, 0.14304, 0.976692, 1.65374e-05, -0.000529195, -0.000529195)
bones/34/pose = Transform3D(0.794783, -0.0182439, 0.606619, 0.331271, 0.850547, -0.408447, -0.508507, 0.525582, 0.682044, 4.70549e-05, 0.000132299, 0.000443233)
bones/35/pose = Transform3D(0.983134, -0.0480008, -0.176472, -0.0394927, 0.886452, -0.461132, 0.178569, 0.460324, 0.869606, -0.000481291, 0.000170488, 0.000905383)
bones/36/pose = Transform3D(0.900126, -0.264206, -0.346364, 0.389591, 0.843976, 0.368678, 0.194916, -0.466797, 0.862617, 0.000447367, -0.000274658, -0.000976563)
bones/37/pose = Transform3D(0.67528, -0.705893, -0.213804, 0.727922, 0.591128, 0.347414, -0.118851, -0.390234, 0.913013, 0, -0.000345922, -0.000221936)
bones/38/pose = Transform3D(1, -8.02524e-08, -3.10509e-08, 8.02524e-08, 1, 1.83143e-08, 3.10509e-08, -1.83143e-08, 1, -0.000203226, 0.000630809, 0.000488281)
bones/39/pose = Transform3D(0.999628, 0.0257579, 0.00897177, -0.0231582, 0.97528, -0.219754, -0.0144104, 0.219465, 0.975514, -0.000595699, 0.000600123, 9.41099e-05)
bones/40/pose = Transform3D(0.996674, -0.0726482, 0.0369179, 0.0726739, 0.58744, -0.805998, 0.0368673, 0.806, 0.590766, 0.000529195, 0.000969572, 0.00091297)
bones/41/pose = Transform3D(0.9947, -0.0808217, 0.0635554, 0.0876102, 0.342729, -0.93534, 0.0538135, 0.935952, 0.347993, 4.26642e-10, 0.000320519, -0.000244141)
bones/42/pose = Transform3D(1, 1.2885e-08, 4.34959e-09, -1.2885e-08, 1, -6.97213e-10, -4.34959e-09, 6.97213e-10, 1, -0.000325297, -0.000986791, -0.000376439)
bones/43/pose = Transform3D(0.995088, -0.0713424, 0.0686346, 0.0972911, 0.576592, -0.811219, 0.0183002, 0.813911, 0.580701, 8.18284e-05, -0.000600123, 0.00103248)
bones/44/pose = Transform3D(0.990293, -0.0875322, 0.107967, 0.0893318, -0.194275, -0.976871, 0.106483, 0.977034, -0.18457, -0.000142864, -0.000752879, -0.000244141)
bones/45/pose = Transform3D(0.991673, -0.0891748, 0.0929065, 0.091067, -0.024488, -0.995544, 0.0910525, 0.995715, -0.0161631, -0.000508402, 0.000467824, 2.98023e-08)
bones/46/pose = Transform3D(1, -4.34703e-09, -1.21123e-08, 4.34703e-09, 1, 1.04553e-08, 1.21123e-08, -1.04553e-08, 1, 0, 0.000244141, -0.0012207)
bones/47/pose = Transform3D(0.978798, -0.18478, 0.0883737, 0.162073, 0.434878, -0.885784, 0.125243, 0.881327, 0.455606, 0.000640141, 0.000508738, -8.38813e-05)
bones/48/pose = Transform3D(0.994318, -0.0881214, 0.0597248, 0.0886361, 0.374597, -0.922942, 0.0589582, 0.922991, 0.380279, -0.000365539, 0.00120025, 0.000223167)
bones/49/pose = Transform3D(0.996367, -0.0772771, 0.0358059, 0.0751151, 0.599161, -0.797097, 0.0401438, 0.79689, 0.602789, 0, -0.000198448, 1.03358e-06)
bones/50/pose = Transform3D(1, 7.7576e-09, 4.03744e-09, -7.7576e-09, 1, 5.43186e-09, -4.03744e-09, -5.43186e-09, 1, -0.000569437, -0.000264598, 0.00124116)
bones/51/pose = Transform3D(0.97639, -0.189061, 0.104495, 0.154475, 0.272956, -0.949543, 0.150999, 0.943266, 0.295717, 0.000537464, 0.000264598, 0.000883976)
bones/52/pose = Transform3D(0.995945, -0.078488, 0.0439742, 0.0791698, 0.532421, -0.842769, 0.0427345, 0.842833, 0.536476, 0, 0.000168015, 0.000976086)
bones/53/pose = Transform3D(0.998063, -0.0593926, 0.0185282, 0.0578225, 0.77558, -0.628596, 0.0229638, 0.628449, 0.777512, -4.03744e-09, -0.000963861, -0.000264598)
bones/54/pose = Transform3D(1, -7.3022e-09, -3.10099e-09, 7.3022e-09, 1, 6.82628e-09, 3.10099e-09, -6.82628e-09, 1, 0.000447367, 0.000752879, 0.000223683)
bones/55/pose = Transform3D(0.979398, -0.0517706, -0.195175, 0.0214582, 0.98779, -0.154332, 0.200781, 0.146966, 0.968548, -0.000155145, -0.000529195, 9.58784e-05)
bones/56/pose = Transform3D(0.985487, 0.00134754, -0.169746, 0.0453229, 0.961578, 0.270763, 0.163589, -0.274527, 0.947562, -0.000244141, -0.000264598, 3.05176e-05)
bones/57/pose = Transform3D(0.998453, 0.0200554, -0.0518483, -0.0193398, 0.999711, 0.0142673, 0.0521194, -0.0132425, 0.998553, -0.000254886, 0.000111842, 0.000111842)
bones/58/pose = Transform3D(0.999999, 0.000141629, -0.00110694, -0.000151217, 0.999962, -0.00866699, 0.00110567, 0.00866715, 0.999962, 1.02295e-05, -0.000167763, 0)
bones/59/pose = Transform3D(1, -4.06118e-09, 5.45518e-10, 4.06117e-09, 1, -2.84207e-14, -5.45518e-10, 2.84229e-14, 1, -0.00012207, -0.000132299, -1.74753e-06)
bones/60/pose = Transform3D(0.944215, 0.152079, 0.292111, -0.174455, 0.983293, 0.0519878, -0.279324, -0.100048, 0.95497, 6.10352e-05, 0.000447367, -1.04852e-05)
bones/61/pose = Transform3D(0.985811, 0.0505932, 0.160051, -0.0959214, 0.95227, 0.289795, -0.13775, -0.301035, 0.943611, 0.000176244, 0.000223684, 1.65374e-05)
bones/62/pose = Transform3D(0.977919, -0.0863393, 0.190315, 0.125482, 0.970821, -0.204353, -0.167118, 0.223722, 0.960219, 0.000121335, 0, 0)
bones/63/pose = Transform3D(0.999989, -0.000525118, 0.00473248, 0.000702558, 0.999294, -0.0375707, -0.0047094, 0.0375736, 0.999283, -5.59209e-05, -0.000132299, 0)
bones/64/pose = Transform3D(1, 7.30605e-09, 1.2797e-09, -7.30605e-09, 1, 1.56083e-10, -1.2797e-09, -1.56083e-10, 1, 6.61495e-05, 0, 7.94904e-06)

[node name="AnimationPlayer" parent="tps_character/Node3D/soldier" index="2"]
blend_times = []

[node name="AnimationTree" parent="tps_character/Node3D" index="1"]
parameters/state/playback = SubResource( "AnimationNodeStateMachinePlayback_v80ph" )

[node name="head" type="Node3D" parent="."]
transform = Transform3D(1, 0, 0, 0, 1, 0, 0, 0, 1, 0, 2.56593, -0.515204)
script = null

[node name="fps_camera" type="Camera3D" parent="head"]
fov = 65.0
script = null

[node name="WeaponHolder" type="Node3D" parent="head/fps_camera"]
transform = Transform3D(1, 0, 0, 0, 1, 0, 0, 0, 1, 0.349452, -0.322674, -0.333759)
script = null

[node name="MeshInstance3D" type="MeshInstance3D" parent="head/fps_camera/WeaponHolder"]
material_override = SubResource( "StandardMaterial3D_dmkpv" )
mesh = SubResource( "BoxMesh_tuety" )
skeleton = NodePath("")
surface_material_override/0 = null
script = null

[node name="tps_camera" type="Camera3D" parent="."]
transform = Transform3D(1, 0, 0, 0, 0.984971, 0.17272, 0, -0.17272, 0.984971, 0.157198, 3.29522, 3.53642)
current = true
script = null

[editable path="tps_character/Node3D"]
[editable path="tps_character/Node3D/soldier"]
